# ./producer --broker: localhost:9092 --topic: test-topic --duration: 10 --period: 100 --output: bench.prod
# ./consumer --broker: localhost:9092 --topic: test-topic --output: bench.cons
# 1722862726.628582000
0.010265111923217773
0.008733034133911133
0.008582115173339844
0.00862884521484375
0.009283065795898438
0.009058952331542969
0.008787155151367188
0.009099960327148438
0.008613109588623047
0.00881505012512207
0.008702993392944336
0.008413076400756836
0.008984088897705078
0.008965015411376953
0.00881505012512207
0.008717060089111328
0.008656978607177734
0.008636951446533203
0.008430004119873047
0.008919954299926758
0.008807897567749023
0.008479833602905273
0.008870124816894531
0.008436203002929688
0.008539199829101562
0.008669853210449219
0.008332014083862305
0.008476972579956055
0.008722066879272461
0.009157180786132812
0.008498907089233398
0.008387088775634766
0.008658885955810547
0.00873112678527832
0.008582830429077148
0.008794069290161133
0.008610963821411133
0.008748054504394531
0.008413076400756836
0.008774042129516602
0.007745027542114258
0.007508993148803711
0.008459091186523438
0.00822305679321289
0.007853984832763672
0.00845789909362793
0.00888204574584961
0.008309125900268555
0.00788116455078125
0.0071239471435546875
0.008172988891601562
0.00797891616821289
0.008372068405151367
0.008690834045410156
0.008690118789672852
0.009278059005737305
0.009206056594848633
0.009501934051513672
0.008172988891601562
0.00885009765625
0.008887052536010742
0.007833003997802734
0.007765054702758789
0.0077419281005859375
0.008728981018066406
0.008733987808227539
0.008111000061035156
0.008695125579833984
0.00837087631225586
0.008460044860839844
0.008069038391113281
0.00816488265991211
0.008002996444702148
0.007851839065551758
0.007529020309448242
0.008612871170043945
0.008646965026855469
0.009357213973999023
0.008736848831176758
0.00898289680480957
0.00888514518737793
0.008381128311157227
0.008762836456298828
0.008730173110961914
0.00857686996459961
0.008791923522949219
0.008738994598388672
0.009005069732666016
0.008597850799560547
0.008589029312133789
0.008619070053100586
0.008444070816040039
0.00862884521484375
0.008562088012695312
0.008600950241088867
0.008589982986450195
0.008605003356933594
0.008527994155883789
0.008632898330688477
0.00852203369140625
0.008621931076049805
