0.14031219482421875
0.43056607246398926
0.585186243057251
0.7363371849060059
0.45311522483825684
0.047379255294799805
0.2054131031036377
0.3591771125793457
0.5148811340332031
0.670417070388794
1.1767852306365967
-0.009351730346679688
0.14587807655334473
0.30175018310546875
0.4566812515258789
0.6111841201782227
0.7669610977172852
0.7939651012420654
0.08040809631347656
0.24041008949279785
0.38489317893981934
0.5393962860107422
0.6923971176147461
-0.007404804229736328
-0.0011987686157226562
0.14856815338134766
0.30147719383239746
0.4606621265411377
0.6154050827026367
0.7733092308044434
-0.07039284706115723
0.08959627151489258
0.24463725090026855
0.40276122093200684
0.5564131736755371
0.710578203201294
0.2376251220703125
0.02375316619873047
0.17380809783935547
0.3307051658630371
0.48450517654418945
0.6414332389831543
0.7984211444854736
-0.04799771308898926
0.10324311256408691
0.25383830070495605
0.4057321548461914
0.5563220977783203
0.7027533054351807
0.18309521675109863
0.018252134323120117
0.17040610313415527
0.32359814643859863
0.4751121997833252
0.6303451061248779
0.7852311134338379
-0.059793710708618164
0.09154510498046875
0.23000812530517578
0.3716011047363281
0.5127122402191162
0.6540350914001465
0.7961761951446533
-0.06054282188415527
0.09219217300415039
0.2491142749786377
0.4019341468811035
0.5537312030792236
0.709362268447876
0.24369525909423828
0.022440195083618164
0.1753542423248291
0.3280820846557617
0.47980523109436035
0.6363332271575928
0.7942042350769043
-0.04788970947265625
0.11034321784973145
0.26834607124328613
0.4210531711578369
0.5797882080078125
0.7394211292266846
0.5126152038574219
0.051624298095703125
0.20812129974365234
0.3662891387939453
0.5230910778045654
0.6753342151641846
0.531285285949707
-0.008994817733764648
0.14187216758728027
0.298018217086792
0.45726728439331055
0.6121742725372314
0.7674040794372559
0.8031952381134033
0.08270907402038574
0.23992514610290527
0.3964402675628662
0.5535252094268799
0.7118732929229736
0.253925085067749
0.024196147918701172
0.1738440990447998
0.3283851146697998
0.484302282333374
0.6318912506103516
0.7907562255859375
-0.053433895111083984
0.09661126136779785
0.25298523902893066
0.40966224670410156
0.5630331039428711
0.7220802307128906
0.29906511306762695
0.033785104751586914
0.1886141300201416
0.34560227394104004
0.5011191368103027
0.6583621501922607
0.8100790977478027
-0.0392608642578125
0.11498212814331055
0.2687351703643799
0.4069101810455322
0.546605110168457
0.6885731220245361
1.2726852893829346
-0.02836775779724121
0.11842918395996094
0.2782611846923828
0.4388751983642578
0.5962340831756592
0.7530601024627686
0.6588952541351318
0.0702211856842041
0.2256011962890625
0.38355112075805664
0.5411322116851807
0.6919651031494141
1.2014851570129395
-0.02971673011779785
0.12115621566772461
0.25599026679992676
0.39592623710632324
0.5367062091827393
0.6941261291503906
0.07335519790649414
0.0048410892486572266
0.16334819793701172
0.3179621696472168
0.4697911739349365
0.6218280792236328
0.7663311958312988
0.748265266418457
0.07428717613220215
0.2288672924041748
0.38602209091186523
0.5396072864532471
0.6928751468658447
0.02808523178100586
0.006425142288208008
0.1638031005859375
0.3193070888519287
0.4719521999359131
0.6271681785583496
0.7860891819000244
-0.0616917610168457
0.09765028953552246
0.2530181407928467
0.4101102352142334
0.5659101009368896
0.7105352878570557
0.16849517822265625
0.01743030548095703
0.17519211769104004
0.3336632251739502
0.49000120162963867
0.6450672149658203
0.8044612407684326
-0.03932476043701172
0.11586618423461914
0.27281618118286133
0.4335172176361084
0.5879461765289307
0.7428622245788574
0.5486950874328613
0.05875110626220703
0.20966625213623047
0.3648722171783447
0.51922607421875
0.6716241836547852
0.8113422393798828
-0.04847073554992676
0.09215426445007324
0.23368120193481445
0.3758382797241211
0.5325181484222412
0.6920433044433594
0.03964519500732422
0.0039560794830322266
0.15652918815612793
0.310258150100708
0.46259522438049316
0.6149811744689941
0.7707061767578125
-0.07228279113769531
0.08778810501098633
0.241624116897583
0.39663219451904297
0.549382209777832
0.6995112895965576
0.09094524383544922
0.012202262878417969
0.1697711944580078
0.3273141384124756
0.4817690849304199
0.6374192237854004
0.7926442623138428
-0.04831290245056152
0.1087350845336914
0.2656261920928955
0.42407727241516113
0.580470085144043
0.7344412803649902
0.4673652648925781
0.04742312431335449
0.20320916175842285
0.3621351718902588
0.5169811248779297
0.6744461059570312
1.2261850833892822
-0.018797874450683594
0.13851308822631836
0.2941732406616211
0.45209217071533203
0.6121132373809814
0.7684891223907471
0.8143250942230225
0.08311223983764648
0.23917007446289062
0.3953542709350586
0.5469381809234619
0.700634241104126
0.1155850887298584
0.013376235961914062
0.16712307929992676
0.3219032287597656
0.4705972671508789
0.6197631359100342
0.771367073059082
0.696735143661499
0.06252622604370117
0.20883822441101074
0.35333824157714844
0.4994320869445801
0.6501390933990479
0.8011341094970703
-0.06778478622436523
0.06318020820617676
0.19478607177734375
0.32771825790405273
0.4731442928314209
0.6096382141113281
0.748528242111206
0.48708510398864746
0.042478084564208984
0.19217824935913086
0.3395271301269531
0.4866170883178711
0.6326611042022705
0.7788481712341309
0.7939152717590332
0.0750892162322998
0.22562313079833984
0.37757110595703125
0.5300161838531494
0.6771612167358398
1.6783852577209473
-0.01571488380432129
0.13242030143737793
0.28265929222106934
0.43827009201049805
0.581470251083374
0.7248892784118652
0.25679516792297363
0.015798091888427734
0.16405510902404785
0.3148012161254883
0.4612600803375244
0.6037940979003906
0.7569422721862793
0.5961751937866211
0.04953622817993164
0.2050642967224121
0.36051225662231445
0.5088253021240234
0.6613712310791016
0.8137161731719971
-0.041197776794433594
0.10746121406555176
0.2567412853240967
0.40976810455322266
0.5641191005706787
0.7143092155456543
0.1685352325439453
0.012961149215698242
0.165283203125
0.3204002380371094
0.4704310894012451
0.6176681518554688
0.7730681896209717
-0.07184791564941406
0.08032917976379395
0.22798824310302734
0.37805628776550293
0.528083086013794
0.6732692718505859
0.8235721588134766
-0.025920867919921875
0.128615140914917
0.2873091697692871
0.43418121337890625
0.5813612937927246
0.7331380844116211
0.4105250835418701
0.04086017608642578
0.18627619743347168
0.32627224922180176
0.46570515632629395
0.6059291362762451
0.7490971088409424
0.4733452796936035
0.05077719688415527
0.21100807189941406
0.36219215393066406
0.5149352550506592
0.6734621524810791
1.315885305404663
-0.014867782592773438
0.13888120651245117
0.29239606857299805
0.45234012603759766
0.60756516456604
0.7631032466888428
0.7576851844787598
0.0785212516784668
0.23865509033203125
0.3964521884918213
0.5545732975006104
0.7126481533050537
0.22330522537231445
0.02124810218811035
0.17411112785339355
0.329207181930542
0.4841041564941406
0.6384902000427246
0.7905502319335938
-0.05440187454223633
0.10096311569213867
0.2563481330871582
0.41351819038391113
0.5661931037902832
0.7233772277832031
0.3734252452850342
0.037293195724487305
0.1903071403503418
0.34276628494262695
0.5038022994995117
0.6621181964874268
0.8046092987060547
-0.045691728591918945
0.11219906806945801
0.26947021484375
0.4302101135253906
0.5853402614593506
0.7399582862854004
0.49237513542175293
0.050591230392456055
0.204146146774292
0.3605160713195801
0.5187411308288574
0.674370288848877
1.2043852806091309
-0.009769916534423828
0.14560508728027344
0.30369114875793457
0.45952415466308594
0.6194572448730469
0.7785782814025879
